41.63251841122593e-6
-25.4716220166044e24
91.0820863617796e36
-37.02060487397312e26
22.468839243175424e-48
-74.89608600972724e-6
29.82113174339014e-15
42.16199722565963e32
-50.965747755592325e-30
87.90871083107115e19
96.04829376308669e-26
97.4191464750121e9
-27.29835250199966e-40
32.01169808110376e21
64.40556605669641e38
88.8121130538766e-3
15.034972287485033e-8
39.17395709684982e29
-61.49575283887576e-34
77.60793047613691e-22
-68.87918876029626e-8
-57.77318051179652e-41
-5.007794111946893e3
89.05629582791047e10
19.575475551170427e21
41.829265410082115e-40
24.7703024959996e-37
-88.44337374551228e-26
-9.679346542905705e-6
-1.149743416618094e-36
14.91830021558529e20
-68.04816153046724e-8
-16.129185530229307e45
-97.7690508442961e-24
87.77599361006173e-39
-22.02239328693514e-12
-31.053190327787505e3
35.83395818069056e22
-57.22613011010467e-38
-9.47842026253609e23
64.48707209454457e-22
-85.75653737504179e-35
98.9653039213068e1
-12.432531394773292e-22
-88.3968481379852e19
-85.22566765797455e35
-65.97798576211068e-16
55.56641865375465e37
-28.023828274683794e12
-44.4508153503357e-31
