-8120095712357374376003481277991599892587083080948365433139363761986113426650143578690052369635067212
2809466891885890170523370213772506016531560646108593703210289634081046004032830491707387188510725431
-4977738464790774406948660594019131360089096572108817889077819855352358652991942973413398669093263887
7500750724472577229791619912705033686473232692201717513491788077136550498703858109873599742974823346
4556759589588283738822472953447141838861096606835770596286737679387719648365959348709355365752353471
-3686651224630439791539185377357692102568910518208529952728562729401487032836900161937758799951602278
3369311888122901908476956547320210393097544051868434291737914430240054880178112947820229173699514385
-7063305580115433415602353016535623207438665833205006334948553153953523215518329289963157107488200099
223133229989426301284910568672289794086206502359053520450494191553261926058207652228165768137641058
-5521469598350182150148204589404306477852942626377228059332496659688394078996643192287532194229185465
2844356278803594485353635911269734625213681050631529639606561446419703694988839042933863196931204614
5898797815782040449043276584432247070254207472372210701012637330183877988402858388384242828280190181
-9972723929798658930983384294107060716942906554938179443447440451710603685998938139567468792023550982
-895342826158657109569946739040290935876219576767804754427030633005293127289276016188174174451590239
3380314028866862055017597046788587707117672535311575899111668353967790689573244599209678177230009769
-9975427320394028320979975148601645899025578431294565786926706417538425716241710330458490127908359249
-5000850132687434197051723083715890235987902027058835202779214116648081352084266570602062849006811921
-4974400444711747733481097626399264017430185707897849428554658134478117958752174940392489916439902552
6707469122123962038644869332481988378254452798860275406301133323316625546162794016372353349896114307
-8076372968929286445543212862048421616790358789733870194038282521492442881370192360621196546952613132
8732218000701233154108789894873089545359177860149718222551605743900980684866014029392962157281881000
-7602743311822273816469150885297057565225501179025005664048151021026461378084643552130086858485899186
-6261718191658709717483284716986273445633504752138277164617947719168738916285079498919876479261123222
4954058103733554942802438690985773557693657743076097580067595599080160623858195568222570901046461921
565863225960962573148460448339589030663035686457045215561411531043729757226484048311670894898090633
2810918364984021039393707216442629701499186728501289687159497266070147442555997776919011675076177300
7526870484141407633319419174094906814205536574808013053603490077788563607156811006696685724966947028
-4880718386871682364884961030624631780025418491972435407849105525077464310970962125461172146151366902
-2523317759042667363058808374093289512794152447075990929873415768562733541903476698488291159778309868
6154165429691797843195509722585547098580470953996449485932982256110453439300885026998831933377672440
3429531406075908173734643576024300147763094206726809613228688708109289514805517169594259601947828045
-8403631089189819247758665806475237222069093725203136910700126167329529750085614866935367901119321237
3477760760866432013029867289805055833855431729357580647325037526290022936743805335021171287268734838
-4752304621247117116064596702646269435170357264035589982956156131824304573779210289498474347569541959
-340397492112569849679487340961588145786973700255609901956604743737846735965889517105131611979236626
-6171477086513528503438218440245814778952263616888458918061561531214933329985657220787988778959994484
-6224776647400743396509029569739020240729013658069878015195318551066032764113375677462724288632978637
-4616831281522831445097119189213809612869066105798550937506420363001660077156522212861391223145606467
-4302718409317010561650949397076847243192505794520132803034811798191479699939852229656569483084688631
4560795147181450153384638366952208991116909206383947762877151159861821632237102159216775062445741298
-867404594901842791872045705328819182668184807720575328213674390765407717769426978826022878304607988
8964601320430365768355285968188398625066755430084781736294109220462766449995443909179588162393238423
7939548629033447086284253949945603870474434417820364502656238819885056960485445723378350617750004366
-3462341969599131540489857126527492700569099046175605486060594964531464153315513972332686482932848980
-1251071526659467860040251949171267246624655326143932183666950967502800241572956940449117467639027987
-8036218468038999585499378345567572401538058204625599802254112986037095263665882317236807579444483616
953666897848165108469312290068964559795219426068104717121852442073702190962135852535115618260349019
-5653600498687313057927328464758805489769666729805826297499806759763138147435022342382938635090334843
-6739279144941755400591305968339990616484983721376113841597264799614743815944232432982900294545928067
-9738856050119612389907803521440855308569034565284924088630689684749743364368790352045697741467768997
