3.1415926535897932384626433832795028841971693993751058209749445923078164062862089986280348253421170679
.123
123.
-505.6720121381
-181.76
-295.6633
626.02372429
-306.4331294806
-673.6597
932.9474485055
-4.042583300747841e-87
4.901723168e21
476.2116
-7.418827401891088e37
-949.8602066
541.5279
-366.984724687
-865.76172
-1.07039948976e-91
-202.35473017
-7.88273923320242e-90
899.295483638
4.41531e76
-49.413928229
5.473824317e34
5.0291293e-57
-5.143770077800451e9
-361.61369647
-30.066
-8.17601824198e64
565.67728959
774.9655
5.7358740154629455e-37
-227.12
-593.61948653
557.66
9.3524505171e95
913.776
-686.8
-9.196510694749014e96
1.0
2.0
772.7446
-9.386693561843e-21
-507.3566740407
302.4
195.506944
732.039405
230.090654058
-7.5366253720896e-40
2.975356493891198e-39
539.08
0.78980969e-89
645.42
2.7727249622260697e-77
-132.11
-8.63107164e56
0.015266e-85
-711.341
-720.82870197
-278.8
-5.038270450000799e-62
-832.2
867.1752701
8.87e-45
-59.88
-861.328779
7.68003006e30
-589.2641122001
1.001e-26
9.74948166e83
-590.572
398.2
3.19003e19
-7.6120357e-68
-461.98
-780.3008
-487.0
0.44406e36
9.2360293978899e35
625.1011115
-1.6897330353558324e-11
1.71e89
510.9865813397
-392.397263055
-8.6382415801e-12
5.0e-67
-3.37629166691439e94
-68.450458
-505.6720121381
-181.76
-295.6633
626.02372429
-306.4331294806
-673.6597
932.9474485055
-4.042583300747841e-87
4.901723168e21
476.2116
-7.418827401891088e37
-949.8602066
541.5279
-366.984724687
-865.76172
-1.07039948976e-91
-202.35473017
-7.88273923320242e-90
899.295483638
4.41531e76
-49.413928229
5.473824317e34
5.0291293e-57
-5.143770077800451e9
-361.61369647
-30.066
-8.17601824198e64
565.67728959
774.9655
5.7358740154629455e-37
-227.12
-593.61948653
557.66
9.3524505171e95
913.776
-686.8
-9.196510694749014e96
