0
-0
1
-1
999999999999999999999999999999999999999999999999999999999999999999999999999999999999999999999999999000000
+123
-456
-793715
-96034324942535265536122560193158202521591184215187
-823248
-25769232679604881945047735612476555514227722705222
-904992
-1371853558873227306843162985254504773412604498091
5147051151180546727718564717638400568892561170433
-3269823470574045101596542696220908773253159671863
-739815
469916
89770578645601222975940348812770539962800615718828
-275313
-51473891993611439405273368616314338207407628212095
-214846
-53818057977020846289816328898226124366498075225889
-969395
54557071070299247867326764306199345296285736864397
-773480
60461644560247850924511136547921178927335570933500
364351
62275392476156985128218804661740964071159239299080
748626
-55189610108320837069723521805000580648007426470133
-994491
768507
98004
-27041
-27413067170152934298354279262063497790176105798703
-75082441188784480899767829275016061525025509696829
14249939165534120979211922267277897182042907280671
35626398459242515211659764453402019367456236207569
5955686603350786578959298498379912803098611850000
-812069
5926972153935849026406779110502524345962073339071
-692668
85004957434919041579015598806781083339970668717244
-86754760874516995980010475312143125062474363105915
-68974135049477733455771957164630155231853538225153
699639
32254901895817013460813250563570904440980874447281
999999999999999999999999999999999999999999999999999999999999999999999999999999999999999999999999999999999999999999999999999999999999999999999999999999999999999999999999999999999999999999999999999999999999999999999999999999
123
11
474267
-36822137829169909772018808942545839575682822789732
-20508327231360563588798784874779678615930194906632
-15280428751542415530256234562028055156899043788540
42887267983149097233406782788925791123301258259650
-91324274983235264139802614707945124660501740523526
576277
2307417713573109675085728394417700858219475341364
13654085312293869147362368075434074176487937600365
295232
8769845794113172723130532746495475763125037724146
78479596801404612340969996189634875988471698417368
44127382632142347452939544246554682200499236292507
-44843716516174203846749223549260382364487352573478
67727694411537075009796800605633994612400251555837
50974774589436757372668287588966672768498212646605
-29035
54241466379411172919498694670341245622631273074913
304061
503258
-340891
-51092375252152165911724823389286048287186248373320
-9568296638032283010667552029741837661006624249122
32753712321260155094028753599099985509981669209255
66494626495178615187354022148627677882495800231842
3990010207900005851478027695574811140660519345853
-45322712712231122411972093234793946116189971787188
910334
-515655
-229157
-94983991713753411166384164061112263680990340334151
243722
26770536034777930233675574642799841017782014599569
44100935470902479047061834284546671517957874785785
89338991213344961649323238797692463772743722081135
98549053842667486468999081470448678549184767615000
308725
-87541803836749652289584208367081908413014896266008
581087
364595
-46703870753138465539792470064154566030991514757689
-73891860509315765554904085913093667960483741731555
-95882978273203853133123002903666414435522594808853
677585
233052
64328586759025316093922922912897468937274354427447
408491
314332
38957263666015225810656364710330872218313979032489
843052
-146291
452808
-15756650646830524646000535707806739721043744372228
96499057094601988815207624663758160279213273953549
-829640
677767
11703814768056902952572603203432299489970310262792
-793715
-96034324942535265536122560193158202521591184215187
-823248
-25769232679604881945047735612476555514227722705222
-904992
-1371853558873227306843162985254504773412604498091
5147051151180546727718564717638400568892561170433
-3269823470574045101596542696220908773253159671863
-739815
469916
89770578645601222975940348812770539962800615718828
-275313
-51473891993611439405273368616314338207407628212095
-214846
-53818057977020846289816328898226124366498075225889
-969395
54557071070299247867326764306199345296285736864397
-773480
60461644560247850924511136547921178927335570933500
364351
62275392476156985128218804661740964071159239299080
748626
-55189610108320837069723521805000580648007426470133
-994491
768507
98004
-27041
-27413067170152934298354279262063497790176105798703
-75082441188784480899767829275016061525025509696829
14249939165534120979211922267277897182042907280671
35626398459242515211659764453402019367456236207569
5955686603350786578959298498379912803098611850000
-812069
5926972153935849026406779110502524345962073339071
-692668
85004957434919041579015598806781083339970668717244
-86754760874516995980010475312143125062474363105915
-68974135049477733455771957164630155231853538225153
699639
32254901895817013460813250563570904440980874447281
